1.68625365068237 1.88364036758097
2.13470018512334 1.92775243023318
2.51965985858408 1.75207693101149
1.94067041430964 2.10818735599531
1.90390356247554 1.92213607086894
2.20314145374704 2.17350198574714
2.20785923053279 1.89895831742097
1.88486031864139 1.7851275153147
1.85789974279277 1.89884768185046
2.17589618724748 1.57275746579989
2.00317714877952 1.69398091238888
1.61771966439457 1.73313290751655
2.06372594638366 2.02649080569947
2.03769912117133 2.13489664676684
2.11979180811494 1.93299897781838
2.46985228183325 1.93418716184092
2.00925260268011 1.77466509091482
1.82933162484484 1.69452345968289
1.92876829189743 1.8419155780956
2.12649227534162 1.89197951872304
2.28908886490697 1.94555839546339
1.58640874232588 2.09120671763496
2.06848458096884 1.69031352275548
1.76793832542531 2.34602571505805
1.7469131158849 1.91905276073827
-1.30709473886174 -1.70514490717798
-1.83091216223712 -2.05700682338661
-1.75137623762176 -2.0380109026903
-1.9121920627687 -2.3992845450326
-2.0348154030033 -1.84527998068096
-2.22824086093688 -2.1737782004684
-2.24023046524724 -1.99919100028137
-1.9373238281223 -2.22056765475897
-1.91461174205386 -1.99651867302206
-2.41703701326775 -1.80850633360088
-1.79338957084524 -1.51981055462199
-1.82739313900563 -1.95966491968896
-1.11129292110756 -2.31203274545387
-1.4938719944831 -1.88827963565948
-1.890075631986 -1.9606399677676
-2.16247374478196 -1.75386613333068
-2.54629064259364 -2.05781261626553
-1.90963546290722 -1.94527655739225
-1.97102751865313 -1.44936494044849
-2.03006108373573 -2.37121144601102
-2.5749004608734 -2.17170421610796
-2.01176855625522 -1.64098276237072
-2.04690770960176 -1.98651014093392
-1.97073959408091 -1.9221428850558
-2.32177585946486 -2.44421700753587
2.24052931463252 2.14410015176531
2.09922177875898 2.28054731441708
1.5670712313874 2.01281958854396
1.49064282607912 2.05392931442434
2.21615923910466 2.16721521908354
2.01744487885282 1.71048210019027
2.06327414607115 2.35773629366894
1.93439626691905 1.63733188789697
2.10295058561182 2.22390683269335
2.1546259096618 1.81230437042331
1.88321424860447 2.01825016236193
2.14166426234057 1.63006802178176
1.92378373295895 2.26311055815055
2.09954577598675 2.36572401290592
1.66758099102314 2.29230498929439
1.61400077060295 2.14971892150248
1.82920977217976 1.33190238430059
1.96138423453936 1.86446497810923
1.75656012075914 1.56113220473067
1.9776076080258 2.13177017623973
2.6152595399249 2.03688449993
2.02140534688647 1.78293267029102
2.14512472101403 2.09552798381562
1.70503726815146 1.84773089867623
1.93848310472938 2.04928908697647
-1.71615688637259 -1.60116315427182
-1.94613286513107 -1.73353976545922
-1.82898253469932 -1.96482167215428
-1.88245998824719 -1.91239713098948
-2.0871185379563 -1.71345612466621
-2.17712342322042 -1.73363358314784
-1.83874366052866 -2.23367551447297
-2.0368742612294 -1.87229713077636
-2.00599400987599 -1.80017944840048
-2.16881692185605 -2.01917093703945
-1.76621672252299 -2.26468994449674
-1.92389749071835 -2.22711140489968
-2.1581105312235 -1.94063493201858
-1.7773693654125 -1.63414813709389
-1.90585642780812 -1.85059139616039
-2.39075430500021 -2.18632559115409
-1.73276650108042 -2.43402929263475
-2.4973940273642 -2.56268538230893
-1.81190243976076 -2.25551401378039
-1.70484042633437 -1.74283994331046
-1.89306280933277 -2.23918345431576
-1.8249813816015 -2.16095730914346
-1.76279843275854 -1.70080427587164
-1.84878578185153 -2.18674906773758
-1.45161268716982 -2.25420125071978
