2.14438481445333 2.24438220871902
1.69500609679899 2.74901327904265
1.54014161561529 2.00581733937563
1.64719072448891 2.4996348941117
1.66194224749666 2.4944339892465
2.14622584763035 1.97423471327588
2.04845826385655 2.00627805478877
0.65287966812211 1.63114468758317
1.67423866144529 2.05530907330587
1.92345541612722 2.60759951527802
1.43869384990688 2.7237559158006
2.53394268475169 1.73861054032823
1.97684092088901 1.63023295490195
2.03653382175082 2.49777124358281
1.01693670005311 1.67686167885
1.69986647295207 2.13457225937785
2.11776185363114 2.48803625712786
2.28802054919882 2.63566736911834
2.77333396937413 0.885894313335757
2.06841847415738 2.24958596577807
1.74776859081667 1.70768547891422
2.26820488154057 1.6061619538915
1.89892775529087 1.86964473430957
2.09929699226809 2.54882302091176
2.28467478150575 1.82376612126949
-2.78799782682145 -1.96644729752982
-2.90069100790355 -2.24491908999062
-1.7651041311036 -1.94782613950105
-1.18939145938097 -3.12785983361891
-2.01886207245843 -2.7348849136445
-2.09785252330451 -1.68041313372168
-1.51025988571247 -1.96581270494862
-1.76589342806882 -2.83098056247743
-2.16417396962315 -2.0178048403741
-2.50638985111272 -1.22450392027237
-2.1378220618317 -1.79969203834581
-2.06204969877171 -1.86459706981013
-2.47538070779643 -1.92099311713717
-2.01690787831518 -2.50896985958632
-1.38096736449149 -1.73023791003747
-2.13892266914086 -2.4125525418444
-1.78145553428976 -2.38106905397659
-1.90269839934277 -2.23746015988269
-2.4531576695414 -2.80586492968868
-2.72370535436199 -1.71566105467813
-1.65757021112872 -1.82436957350193
-2.36566040517052 -2.30089122795073
-1.8782465598331 -2.46816256677074
-2.11353610984294 -2.25419580208037
-1.39149564374244 -2.49938168295583
-2.61682085764036 1.70496161999721
-2.09754473922357 2.18912198363885
-2.23938859899223 2.052931382023
-1.8757044591174 1.48859192366303
-2.07863751338187 2.27246601125548
-1.53819589612364 2.26349485344472
-2.58032409089006 1.43825503511537
-1.27626551858086 1.78764264244859
-2.3141940699611 2.91596957430852
-2.54621506770217 1.68280890729076
-2.08877053270967 2.12204657916337
-1.73225079896408 2.09763516551491
-2.58111964435872 1.74853497030169
-1.20401182294325 1.05701102633799
-1.56875024883393 2.56471653083944
-1.85036652143972 1.91171914894118
-1.54879542432315 1.26969980065237
-1.86834361961275 2.12994281475432
-2.51158410472485 2.22167802052077
-2.14348456546055 2.35830469761618
-2.0897571694508 2.35889194573528
-2.49658811173336 0.0746039527378164
-1.87756455554761 0.459758155570017
-2.55936758399425 1.75771174452834
-1.5388103670224 1.94762426135397
2.5061949778401 -2.13377379558309
2.72100008915303 -2.50460652328997
2.15901685082839 -2.55276240431209
1.29324495280308 -2.77282229886754
2.33011253784825 -2.22297321978456
2.37884535431266 -2.13455859429031
2.08343286552859 -2.96348727468461
1.07261155180288 -1.82421792140942
2.77827532190058 -1.87023132675634
2.68682085174311 -2.42819970047054
1.35943704485055 -2.20872081708421
1.73428342074823 -0.878903779185218
2.17151039136039 -2.36113806485693
2.88646069361639 -1.78669729983455
2.53372890977222 -1.88497345542239
2.04113462765549 -1.53382796116911
2.40810650764404 -3.03967727842205
2.59397352183825 -2.76851648569161
1.60087482311229 -0.548048088441671
2.50186787901618 -2.26373870766141
1.28008467366336 -0.969876337068498
2.04945358027927 -1.24153951797231
2.10987293333998 -2.62361850837022
1.40654451056553 -2.52447357757849
1.6737781805493 -1.78503933534587
